[gd_scene load_steps=6 format=2]

[ext_resource path="res://player.tscn" type="PackedScene" id=1]
[ext_resource path="res://blender-import/3d-movesim-level.tscn" type="PackedScene" id=3]

[sub_resource type="PlaneMesh" id=2]

[sub_resource type="CubeMesh" id=3]

[sub_resource type="BoxShape" id=7]
extents = Vector3( 1, 1, 1.06536 )

[node name="3d-movesim" type="Spatial"]

[node name="3d-movesim-level" parent="." instance=ExtResource( 3 )]
transform = Transform( 24.0193, 0, 0, 0, 24.0193, 0, 0, 0, 24.0193, 0, -1.74401, 0 )

[node name="player" parent="." instance=ExtResource( 1 )]

[node name="floorCubes" type="Spatial" parent="."]

[node name="MeshInstance" type="MeshInstance" parent="floorCubes"]
transform = Transform( 4.19717, 0, 0, 0, 0.111365, 0, 0, 0, 4.19717, 0, 0, 0 )
mesh = SubResource( 2 )
skeleton = NodePath("../..")

[node name="MeshInstance2" type="MeshInstance" parent="floorCubes"]
transform = Transform( 0.639729, -0.589413, 0.493294, 0.731073, 0.66473, -0.153839, -0.237232, 0.459049, 0.856151, 0.537565, 0, -3.50952 )
mesh = SubResource( 3 )
skeleton = NodePath("../..")

[node name="MeshInstance4" type="MeshInstance" parent="floorCubes"]
transform = Transform( 0.639729, -0.589413, 0.493294, 0.731073, 0.66473, -0.153839, -0.237232, 0.459049, 0.856151, -2.47117, 0, 1.25237 )
mesh = SubResource( 3 )
skeleton = NodePath("../..")

[node name="MeshInstance5" type="MeshInstance" parent="floorCubes"]
transform = Transform( 0.639729, -0.589413, 0.493294, 0.731073, 0.66473, -0.153839, -0.237232, 0.459049, 0.856151, 2.29858, 0, 2.95789 )
mesh = SubResource( 3 )
skeleton = NodePath("../..")

[node name="MeshInstance6" type="MeshInstance" parent="floorCubes"]
transform = Transform( 0.639729, -0.589413, 0.493294, 0.731073, 0.66473, -0.153839, -0.237232, 0.459049, 0.856151, -8.24263, 0, -8.68955 )
mesh = SubResource( 3 )
skeleton = NodePath("../..")

[node name="MeshInstance7" type="MeshInstance" parent="floorCubes"]
transform = Transform( 0.639729, -0.589413, 0.493294, 0.731073, 0.66473, -0.153839, -0.237232, 0.459049, 0.856151, 5.73846, 0, -5.07973 )
mesh = SubResource( 3 )
skeleton = NodePath("../..")

[node name="MeshInstance8" type="MeshInstance" parent="floorCubes"]
transform = Transform( 0.639729, -0.589413, 0.493294, 0.731073, 0.66473, -0.153839, -0.237232, 0.459049, 0.856151, -2.72744, 0, 4.6938 )
mesh = SubResource( 3 )
skeleton = NodePath("../..")

[node name="MeshInstance3" type="MeshInstance" parent="floorCubes"]
transform = Transform( 0.172196, -0.158652, 0.13278, 0.196783, 0.178926, -0.041409, -0.0638559, 0.123562, 0.23045, -0.07614, 0, -1.12404 )
mesh = SubResource( 3 )
skeleton = NodePath("../..")

[node name="MeshInstance9" type="MeshInstance" parent="floorCubes"]
transform = Transform( 0.172196, -0.158652, 0.13278, 0.196783, 0.178926, -0.041409, -0.0638559, 0.123562, 0.23045, -0.55207, 0, 0.391109 )
mesh = SubResource( 3 )
skeleton = NodePath("../..")

[node name="StaticBody" type="StaticBody" parent="floorCubes"]
collision_layer = 2

[node name="CollisionShape" type="CollisionShape" parent="floorCubes/StaticBody"]
transform = Transform( 36.8535, 0, 0, 0, 1, 0, 0, 0, 36.8535, 0, -0.91205, 0 )
shape = SubResource( 7 )

[node name="DirectionalLight" type="DirectionalLight" parent="."]
transform = Transform( 1, 0, 0, 0, -0.46668, 0.884426, 0, -0.884426, -0.46668, 0, 17.7496, 0 )
light_energy = 0.1
light_indirect_energy = 0.0
light_specular = 0.0
light_bake_mode = 0
